3.289814000000000238e+00 5.287282000000000259e+00 6.655742100000000327e+00
4.267185999999999702e+00 2.570281999999999734e+00 6.655742100000000327e+00
1.541627999999999998e+00 3.287570000000000103e+00 5.528025000000000411e+00
9.773720000000001296e-01 5.651359999999999717e-01 5.528025000000000411e+00
2.519000000000000128e+00 4.781920000000000393e+00 4.754101499999999980e+00
0.000000000000000000e+00 2.059486000000000150e+00 4.754101499999999980e+00
4.267185999999999702e+00 4.004858000000000473e+00 4.400307899999999606e+00
3.289814000000000238e+00 1.282424000000000008e+00 4.400307899999999606e+00
1.748186000000000018e+00 4.912336000000000702e+00 2.970392100000000202e+00
7.708139999999999992e-01 2.189902000000000015e+00 2.970392100000000202e+00
0.000000000000000000e+00 4.135273999999999894e+00 2.616598499999999827e+00
2.519000000000000128e+00 1.412840000000000096e+00 2.616598499999999827e+00
3.496372000000000035e+00 2.907190000000000385e+00 1.842675000000000063e+00
4.060628000000000348e+00 1.901900000000000257e-01 1.842675000000000063e+00
2.519000000000000128e+00 4.401540000000000674e+00 1.068751499999999854e+00
0.000000000000000000e+00 1.684540000000000148e+00 1.068751499999999854e+00
7.708139999999999992e-01 3.624478000000000311e+00 7.149579000000000351e-01
1.748186000000000018e+00 9.074780000000001179e-01 7.149579000000000351e-01
8.327814000000000050e+00 5.287282000000000259e+00 6.655742100000000327e+00
-1.748186000000000018e+00 5.287282000000000259e+00 6.655742100000000327e+00
3.289814000000000238e+00 1.072128200000000042e+01 6.655742100000000327e+00
3.289814000000000238e+00 -1.467180000000001261e-01 6.655742100000000327e+00
8.327814000000000050e+00 -1.467180000000001261e-01 6.655742100000000327e+00
8.327814000000000050e+00 1.072128200000000042e+01 6.655742100000000327e+00
-1.748186000000000018e+00 1.072128200000000042e+01 6.655742100000000327e+00
-1.748186000000000018e+00 -1.467180000000001261e-01 6.655742100000000327e+00
9.305186000000000845e+00 2.570281999999999734e+00 6.655742100000000327e+00
-7.708140000000001102e-01 2.570281999999999734e+00 6.655742100000000327e+00
4.267185999999999702e+00 8.004281999999999897e+00 6.655742100000000327e+00
4.267185999999999702e+00 -2.863718000000000430e+00 6.655742100000000327e+00
9.305186000000000845e+00 -2.863718000000000430e+00 6.655742100000000327e+00
9.305186000000000845e+00 8.004281999999999897e+00 6.655742100000000327e+00
-7.708140000000001102e-01 8.004281999999999897e+00 6.655742100000000327e+00
-7.708140000000001102e-01 -2.863718000000000430e+00 6.655742100000000327e+00
6.579628000000000476e+00 3.287570000000000103e+00 5.528025000000000411e+00
-3.496372000000000035e+00 3.287570000000000103e+00 5.528025000000000411e+00
1.541627999999999998e+00 8.721569999999999823e+00 5.528025000000000411e+00
1.541627999999999998e+00 -2.146430000000000060e+00 5.528025000000000411e+00
6.579628000000000476e+00 -2.146430000000000060e+00 5.528025000000000411e+00
6.579628000000000476e+00 8.721569999999999823e+00 5.528025000000000411e+00
-3.496372000000000035e+00 8.721569999999999823e+00 5.528025000000000411e+00
-3.496372000000000035e+00 -2.146430000000000060e+00 5.528025000000000411e+00
6.015372000000000163e+00 5.651359999999999717e-01 5.528025000000000411e+00
-4.060628000000000348e+00 5.651359999999999717e-01 5.528025000000000411e+00
9.773720000000001296e-01 5.999136000000000912e+00 5.528025000000000411e+00
9.773720000000001296e-01 -4.868864000000000303e+00 5.528025000000000411e+00
6.015372000000000163e+00 -4.868864000000000303e+00 5.528025000000000411e+00
6.015372000000000163e+00 5.999136000000000912e+00 5.528025000000000411e+00
-4.060628000000000348e+00 5.999136000000000912e+00 5.528025000000000411e+00
-4.060628000000000348e+00 -4.868864000000000303e+00 5.528025000000000411e+00
7.557000000000000384e+00 4.781920000000000393e+00 4.754101499999999980e+00
-2.519000000000000128e+00 4.781920000000000393e+00 4.754101499999999980e+00
2.519000000000000128e+00 1.021592000000000056e+01 4.754101499999999980e+00
2.519000000000000128e+00 -6.520799999999999930e-01 4.754101499999999980e+00
7.557000000000000384e+00 -6.520799999999999930e-01 4.754101499999999980e+00
7.557000000000000384e+00 1.021592000000000056e+01 4.754101499999999980e+00
-2.519000000000000128e+00 1.021592000000000056e+01 4.754101499999999980e+00
-2.519000000000000128e+00 -6.520799999999999930e-01 4.754101499999999980e+00
5.038000000000000256e+00 2.059486000000000150e+00 4.754101499999999980e+00
-5.038000000000000256e+00 2.059486000000000150e+00 4.754101499999999980e+00
0.000000000000000000e+00 7.493485999999999869e+00 4.754101499999999980e+00
0.000000000000000000e+00 -3.374514000000000014e+00 4.754101499999999980e+00
5.038000000000000256e+00 -3.374514000000000014e+00 4.754101499999999980e+00
5.038000000000000256e+00 7.493485999999999869e+00 4.754101499999999980e+00
-5.038000000000000256e+00 7.493485999999999869e+00 4.754101499999999980e+00
-5.038000000000000256e+00 -3.374514000000000014e+00 4.754101499999999980e+00
9.305186000000000845e+00 4.004858000000000473e+00 4.400307899999999606e+00
-7.708140000000001102e-01 4.004858000000000473e+00 4.400307899999999606e+00
4.267185999999999702e+00 9.438858000000001525e+00 4.400307899999999606e+00
4.267185999999999702e+00 -1.429142000000000134e+00 4.400307899999999606e+00
9.305186000000000845e+00 -1.429142000000000134e+00 4.400307899999999606e+00
9.305186000000000845e+00 9.438858000000001525e+00 4.400307899999999606e+00
-7.708140000000001102e-01 9.438858000000001525e+00 4.400307899999999606e+00
-7.708140000000001102e-01 -1.429142000000000134e+00 4.400307899999999606e+00
8.327814000000000050e+00 1.282424000000000008e+00 4.400307899999999606e+00
-1.748186000000000018e+00 1.282424000000000008e+00 4.400307899999999606e+00
3.289814000000000238e+00 6.716423999999999950e+00 4.400307899999999606e+00
3.289814000000000238e+00 -4.151576000000000377e+00 4.400307899999999606e+00
8.327814000000000050e+00 -4.151576000000000377e+00 4.400307899999999606e+00
8.327814000000000050e+00 6.716423999999999950e+00 4.400307899999999606e+00
-1.748186000000000018e+00 6.716423999999999950e+00 4.400307899999999606e+00
-1.748186000000000018e+00 -4.151576000000000377e+00 4.400307899999999606e+00
6.786185999999999829e+00 4.912336000000000702e+00 2.970392100000000202e+00
-3.289814000000000238e+00 4.912336000000000702e+00 2.970392100000000202e+00
1.748186000000000018e+00 1.034633599999999909e+01 2.970392100000000202e+00
1.748186000000000018e+00 -5.216639999999999056e-01 2.970392100000000202e+00
6.786185999999999829e+00 -5.216639999999999056e-01 2.970392100000000202e+00
6.786185999999999829e+00 1.034633599999999909e+01 2.970392100000000202e+00
-3.289814000000000238e+00 1.034633599999999909e+01 2.970392100000000202e+00
-3.289814000000000238e+00 -5.216639999999999056e-01 2.970392100000000202e+00
5.808814000000000810e+00 2.189902000000000015e+00 2.970392100000000202e+00
-4.267185999999999702e+00 2.189902000000000015e+00 2.970392100000000202e+00
7.708139999999999992e-01 7.623902000000000179e+00 2.970392100000000202e+00
7.708139999999999992e-01 -3.244098000000000148e+00 2.970392100000000202e+00
5.808814000000000810e+00 -3.244098000000000148e+00 2.970392100000000202e+00
5.808814000000000810e+00 7.623902000000000179e+00 2.970392100000000202e+00
-4.267185999999999702e+00 7.623902000000000179e+00 2.970392100000000202e+00
-4.267185999999999702e+00 -3.244098000000000148e+00 2.970392100000000202e+00
5.038000000000000256e+00 4.135273999999999894e+00 2.616598499999999827e+00
-5.038000000000000256e+00 4.135273999999999894e+00 2.616598499999999827e+00
0.000000000000000000e+00 9.569274000000000058e+00 2.616598499999999827e+00
0.000000000000000000e+00 -1.298726000000000047e+00 2.616598499999999827e+00
5.038000000000000256e+00 -1.298726000000000047e+00 2.616598499999999827e+00
5.038000000000000256e+00 9.569274000000000058e+00 2.616598499999999827e+00
-5.038000000000000256e+00 9.569274000000000058e+00 2.616598499999999827e+00
-5.038000000000000256e+00 -1.298726000000000047e+00 2.616598499999999827e+00
7.557000000000000384e+00 1.412840000000000096e+00 2.616598499999999827e+00
-2.519000000000000128e+00 1.412840000000000096e+00 2.616598499999999827e+00
2.519000000000000128e+00 6.846840000000000259e+00 2.616598499999999827e+00
2.519000000000000128e+00 -4.021160000000000068e+00 2.616598499999999827e+00
7.557000000000000384e+00 -4.021160000000000068e+00 2.616598499999999827e+00
7.557000000000000384e+00 6.846840000000000259e+00 2.616598499999999827e+00
-2.519000000000000128e+00 6.846840000000000259e+00 2.616598499999999827e+00
-2.519000000000000128e+00 -4.021160000000000068e+00 2.616598499999999827e+00
8.534371999999999403e+00 2.907190000000000385e+00 1.842675000000000063e+00
-1.541628000000000220e+00 2.907190000000000385e+00 1.842675000000000063e+00
3.496372000000000035e+00 8.341190000000000992e+00 1.842675000000000063e+00
3.496372000000000035e+00 -2.526809999999999778e+00 1.842675000000000063e+00
8.534371999999999403e+00 -2.526809999999999778e+00 1.842675000000000063e+00
8.534371999999999403e+00 8.341190000000000992e+00 1.842675000000000063e+00
-1.541628000000000220e+00 8.341190000000000992e+00 1.842675000000000063e+00
-1.541628000000000220e+00 -2.526809999999999778e+00 1.842675000000000063e+00
9.098628000000001492e+00 1.901900000000000257e-01 1.842675000000000063e+00
-9.773719999999997965e-01 1.901900000000000257e-01 1.842675000000000063e+00
4.060628000000000348e+00 5.624189999999999579e+00 1.842675000000000063e+00
4.060628000000000348e+00 -5.243809999999999860e+00 1.842675000000000063e+00
9.098628000000001492e+00 -5.243809999999999860e+00 1.842675000000000063e+00
9.098628000000001492e+00 5.624189999999999579e+00 1.842675000000000063e+00
-9.773719999999997965e-01 5.624189999999999579e+00 1.842675000000000063e+00
-9.773719999999997965e-01 -5.243809999999999860e+00 1.842675000000000063e+00
7.557000000000000384e+00 4.401540000000000674e+00 1.068751499999999854e+00
-2.519000000000000128e+00 4.401540000000000674e+00 1.068751499999999854e+00
2.519000000000000128e+00 9.835539999999999949e+00 1.068751499999999854e+00
2.519000000000000128e+00 -1.032459999999999711e+00 1.068751499999999854e+00
7.557000000000000384e+00 -1.032459999999999711e+00 1.068751499999999854e+00
7.557000000000000384e+00 9.835539999999999949e+00 1.068751499999999854e+00
-2.519000000000000128e+00 9.835539999999999949e+00 1.068751499999999854e+00
-2.519000000000000128e+00 -1.032459999999999711e+00 1.068751499999999854e+00
5.038000000000000256e+00 1.684540000000000148e+00 1.068751499999999854e+00
-5.038000000000000256e+00 1.684540000000000148e+00 1.068751499999999854e+00
0.000000000000000000e+00 7.118540000000000312e+00 1.068751499999999854e+00
0.000000000000000000e+00 -3.749460000000000015e+00 1.068751499999999854e+00
5.038000000000000256e+00 -3.749460000000000015e+00 1.068751499999999854e+00
5.038000000000000256e+00 7.118540000000000312e+00 1.068751499999999854e+00
-5.038000000000000256e+00 7.118540000000000312e+00 1.068751499999999854e+00
-5.038000000000000256e+00 -3.749460000000000015e+00 1.068751499999999854e+00
5.808814000000000810e+00 3.624478000000000311e+00 7.149579000000000351e-01
-4.267185999999999702e+00 3.624478000000000311e+00 7.149579000000000351e-01
7.708139999999999992e-01 9.058478000000000918e+00 7.149579000000000351e-01
7.708139999999999992e-01 -1.809521999999999853e+00 7.149579000000000351e-01
5.808814000000000810e+00 -1.809521999999999853e+00 7.149579000000000351e-01
5.808814000000000810e+00 9.058478000000000918e+00 7.149579000000000351e-01
-4.267185999999999702e+00 9.058478000000000918e+00 7.149579000000000351e-01
-4.267185999999999702e+00 -1.809521999999999853e+00 7.149579000000000351e-01
6.786185999999999829e+00 9.074780000000001179e-01 7.149579000000000351e-01
-3.289814000000000238e+00 9.074780000000001179e-01 7.149579000000000351e-01
1.748186000000000018e+00 6.341478000000000392e+00 7.149579000000000351e-01
1.748186000000000018e+00 -4.526521999999999935e+00 7.149579000000000351e-01
6.786185999999999829e+00 -4.526521999999999935e+00 7.149579000000000351e-01
6.786185999999999829e+00 6.341478000000000392e+00 7.149579000000000351e-01
-3.289814000000000238e+00 6.341478000000000392e+00 7.149579000000000351e-01
-3.289814000000000238e+00 -4.526521999999999935e+00 7.149579000000000351e-01
